------------------------
----------SVM-----------
------------------------
c   count   Train   Test
1	 190     152     38
2	 190     152     38
3 	 180     144     36
4 	 185     148     37
5 	 195     156     39
6 	 180     144     36
7 	 185     148     37
8 	 190     152     38
9 	 190     152     38


--------------------------------
--------------NN----------------
--------------------------------
c   count   Train   Valid   Test
1	 190     114     38      38
2	 190     114     38      38
3 	 180     108     36      36
4 	 185     111     37      37
5 	 195     117     39      39
6 	 180     108     36      36
7 	 185     111     37      37
8 	 190     114     38      38
9 	 190     114     38      38


i = 2, 16, 17, 38, 103